-2.356194 -0.615480 0.000000 2.078461
-0.785398 -0.615480 0.000000 2.078461
0.785398 -0.615480 0.000000 2.078461
2.356194 -0.615480 0.000000 2.078461
-2.356194 0.615480 0.000000 2.078461
-0.785398 0.615480 0.000000 2.078461
0.785398 0.615480 0.000000 2.078461
2.356194 0.615480 0.000000 2.078461
-1.570796 -0.364864 0.000000 2.078461
-1.570796 0.364864 0.000000 2.078461
1.570796 -0.364864 0.000000 2.078461
1.570796 0.364864 0.000000 2.078461
3.141593 -1.205932 0.000000 2.078461
3.141593 1.205932 0.000000 2.078461
0.000000 -1.205932 0.000000 2.078461
0.000000 1.205932 0.000000 2.078461
-2.776729 0.000000 0.000000 2.078461
2.776729 0.000000 0.000000 2.078461
-0.364864 0.000000 0.000000 2.078461
0.364864 0.000000 0.000000 2.078461
